$ANSIBLE_VAULT;1.1;AES256
61633432346132386437336262353639383065613937663237653061363835646533356166613732
3835643937313763626639323363313337376265663239380a313031353030636337313162613031
62373739633537386366366163383138326337616634656334383338656363333266626365353336
3732666433363134300a373939663136316539386666343535316465376430343435333562636565
33356434613261313037663234633634333339336237313730353832636231356464623234393230
36343436356435313061626231323937323138386666373131323464643736633430383930366363
35343166333032313634353530653364393764626233306530633463643565613039623631316537
62356539616163633261306163393932643230316263653739313465313663356435376433656333
64363433663135376432663139386563326333626436343831383038393532626130353662386535
33636434653164613936666366616231666332303863643636643730653233323535333435316635
32653135353066376462646566356636383764326462363632386133613064356137326366303062
36336139393561623330343836303332316566613530653236626336663663336337333064333065
61323133366639376565646236643237646564353066396632626231343438643031323835353239
63663062363030363430356530663931343536326237666463366130346434666137353964306165
65363966383762333365623366396431353265653166363138313438636161306333313664316337
35653836343434363364353233323461376234333930383864663038333037363535333338623635
36633065383765626163383336333131353939643139313765663838316363313032303130326530
62653761326662313532626132653531623232316431346638393261646231346538663136633537
39656363646164323331636161386634613161343264613261313465383732376161643539373336
36323961383264386634306434383730353664333539396435633036623639326462653136623964
36613430353333663965336630333739653134386534363236386233336565623866366464653963
31336465636231666561623137383966313366663665396235363064383035363033313430666138
61393537646536646337373638306436383631646637363764623464383764643932373134343134
32666534646133393735616332613361306264356230343662653464626332323931393865396161
36303734623530643338646364383134626431666662323134363431326632373237626330653866
37613631373431346637373038623465646461393035663436383263393635313532376139303539
65623731393737363833626163626265363265356336623531333436376230363735626662633536
38666266323139646236343032323265363638303566366239323730613638356233333835323531
39633930303530386232376362313236333461613835363537633839663662316532666235633231
30343833366332643932386366323733623339613661633735373165313564613363386235383630
33373836366261383165373538373861636161663764373964626135333563306365383439656139
39393333333862346231653163323435336238363730303565303732646231383562633935346330
39303832363331323565353262333438376234323965383138353630383738626562633436303630
37303830356130326536316638306438313065353137633639306635363138306137326534346530
64356631636238613861396463373430663338386239653937663337656461363031666236353639
66636534643864633066613361363161613532636366343066653166666334316337333961313062
61326431356634386465636539313135653362313638343136366232633061333330343638303232
61353531663731366461353865316137363462666631303234653039653338346639373863353038
65366434326565616438366663336566363330333738633961393331373664633062663035393364
62373631633263303531623530633637633131303533636466393833666336363762303765303735
65353963373564363932346638393661383439323064333930636436656637346636396530323263
36333438303539623637393462656266396164653636386438633238666333666562376465326131
34643635363437646632666235633139656464333131636330613031633063326164363634646136
30613138633563363037623239333939646238626561363464346434373632396332343434396530
61373932303530353631356330373863356535343732323433666534626264613136343436396664
33336666393966623230323931633530306464613632303134343362303536316631386635656639
38646433613530653430393138633534396661366136666164346437336132313764623036336161
62383661353230333063616636613438663762373639336561316366323762633961613837653832
39633838636438336563633238666236666562356230326434666137616663633663396461383766
38323839333461616264613464346333626462363365376132663233633838623435323030376665
36313839356339633361343037626430623532376330373764666233393063373461363834336138
30336264653237383563636462626461323163386532356433396666313333353430643064396436
30363336316135666263353230316635626637613638633639626631393733643535353338343430
31373164336461643566626335653430306463663036663263363063376561633337363762623330
62333364396533383730666261343964653061306630663162633431393966613361646465353561
63333133393938323230333931653537643937343137663836373861366430346131333339346334
61383438383539363132616531326232356630623266323830333237313261613161333739373938
31346232323138343637303538646266323863333235343439333239336636623632663266643634
31306132376239313938386164343438656263343530346636343566653930363130623236356133
34656565306662343061383339663133356265303564356134393366303031366135303062316263
33623438656337336636613466656138663866303539356230313165626231633439333865333633
61383435643732643539326132333535633366393165623966616666346234323335663431313832
36656535333435346432653830383831656533393064323462653038313765316664393635623965
36656633613936346536386534303461313763356166626534656336666137643433653839346665
63646664633938343735616431336633356332353236646631316131616537353762313966666465
37366663613436663638323830303164383132653930346538316165336432373337373332323563
62626564363665313666313235393365333338343566363433636266623431653736626666373931
35336466626538346130623765326632656434646165353235616133363136626165326664613235
30323736373463623237333532616463373830633039333363363837633332343335633063393037
35303039333566383831663364653463383966313132643933336535313438653537623136356637
30313834303035333061373033656164323838346665393634656531396665373134326535656536
34346261623964316339346536376332666539656536326636656139306539356565326437323336
66633838356134633766633961623431313661386166643762613730393262346330326263666265
66393533653638666461626131356566613361383436663030366236323261333264666361646231
35373436646436396233383863366138393730643463623566306530643036333034656261333239
35363265393439306537643636376561653366333734333231363364313337316633326237366165
39333066383138656666353832303032323636333234326232343462333766396464333562376439
33636236646437353430343034653563303835613164646266343638306231326536333938626136
37343361396139376262636162666666666637373639373138656439633063623364313433636438
31353634343631393561323764646635613261313561366234316662646562333131653138343738
38633535633232373937613163353761623132633237363766383435646664343333636537313439
39383566383933346662613564303264303035303837663537356433386665626562383833396335
35643137633765386638343933353065356165386464313232623533333232613939383834643534
32313139326638363739663931643437376435373032616238653866303935636665326636386663
63616230383433653130303666643130646265343737643531653739636335303331626635653364
39313665643663323839393334666239346237306534313363306362396666363234396231363338
66316564396535373366323266383837353037333833643666343662643665326139646239626261
66613161373138653933633666313536366339666261653666383530323931653332663563313364
65313163643838343736623732613835326330623638393264626235613139373366363563343062
61626430656564313264626366663861396339343531613232353565386535313163376438373064
31623437396463666537383462633035393938346533313935366139633134663165316339663038
64396136616138336537326161653535643732643163343039633735666536323238643630626464
35376632306335376432353866373237343062653663613264653864333634376362373538316234
36653739343131396638653863393139613739386566326333646639666239383339373130643662
393339336263613435373966666434306464
