$ANSIBLE_VAULT;1.1;AES256
35643631323131633263303237313663626335663061383065633966666464376636356135663130
6364656434616161663764653664303530623265386636330a396531633834333236386233653137
66346439623161313861326134663462313663636161633434376338356637316364653838393430
3564386235623138390a626465386133393665373438393032636566663837373462303434356232
30303230313461613664346133303637323163396462343365333464323633313562353331653133
30656335363330383035663738333932323264383635303030646565383732613331396335666238
38633062303637663236633135366665636639346133363337326132313334336434383939316262
34343034326131613833303438353734363066306630633862366462393566393735303139613735
36353937353632633130663562643131366234633062336339366530363164306366383035353338
62613434633133663134343464376662346165646334643131373438666638656461393935396165
343139343766303662316164313437636533
